SKages <- c(3,3,3,10,100,100,100,100,100,100,100,100,100,100,100,100,101,101,101
          ,101,101,101,101,101,101,101,101,101,101,102,102,102,102,102,102,102,102,102
          ,102,102,102,102,103,103,103,103,103,103,103,103,103,103,103,104,104,104,104
          ,104,107,108,108,108,108,108,108,108,108,108,109,109,109,109,109,109,109,109
          ,109,11,11,11,110,110,110,110,110,110,110,110,110,110,110,110,111,111,111
          ,111,111,111,111,111,111,111,111,112,112,112,112,112,112,112,112,112,112,113
          ,113,113,113,113,113,113,113,114,116,117,118,118,119,119,119,119,119,119,119
          ,119,119,12,12,12,12,12,120,120,120,120,120,120,120,120,120,120,120,121
          ,121,121,121,121,121,121,121,121,121,122,122,122,122,122,122,122,122,122,123
          ,123,123,123,126,127,127,127,127,128,128,128,128,128,128,128,128,128,128,129
          ,129,129,129,129,129,129,129,129,13,13,13,130,130,130,130,130,130,130,130
          ,130,130,131,131,131,131,131,131,131,131,131,132,132,132,132,132,135,135,136
          ,136,137,137,137,137,137,137,137,138,138,138,138,138,139,139,139,139,14,14
          ,14,14,140,142,143,143,144,144,144,144,144,145,145,145,145,146,146,146,146
          ,146,147,15,18,18,18,18,19,19,19,19,19,19,3,3,3,20,20,20
          ,20,20,20,20,21,21,21,21,21,21,21,21,22,22,22,23,23,28,28
          ,28,28,29,29,29,29,29,29,3,3,3,30,30,30,30,30,30,30,30
          ,31,31,31,31,31,31,31,31,32,32,32,32,32,32,32,33,33,33,33
          ,34,38,38,38,38,38,38,39,39,39,39,39,39,39,39,4,4,40,40
          ,40,40,40,40,40,40,40,41,41,41,41,41,41,41,41,41,41,42,42
          ,42,42,42,42,42,42,43,43,43,43,43,43,44,44,44,47,48,48,48
          ,48,48,48,48,48,48,49,49,49,49,49,49,49,49,49,49,5,5,50
          ,50,50,50,50,50,50,50,50,50,51,51,51,51,51,51,51,51,51,51
          ,52,52,52,52,52,52,52,52,52,52,53,53,53,53,53,53,53,53,54
          ,54,54,57,57,58,58,58,58,58,58,58,59,59,59,59,59,59,59,59
          ,59,59,6,6,60,60,60,60,60,60,60,60,60,60,61,61,61,61,61
          ,61,61,61,61,61,61,61,61,62,62,62,62,62,62,62,62,62,62,62
          ,63,63,63,63,63,63,63,64,67,68,68,68,68,68,68,69,69,69,69
          ,69,69,69,69,69,70,70,70,70,70,70,70,70,70,70,70,71,71,71
          ,71,71,71,71,71,71,71,72,72,72,72,72,72,72,72,72,73,73,73
          ,73,73,74,77,78,78,78,78,78,78,78,78,79,79,79,79,79,79,79
          ,79,79,79,79,80,80,80,80,80,80,80,80,80,80,80,80,81,81,81
          ,81,81,81,81,81,81,81,81,81,81,82,82,82,82,82,82,82,82,82
          ,82,82,82,83,83,83,83,83,83,83,83,83,83,84,84,87,87,87,88
          ,88,88,88,88,88,88,88,88,89,89,89,89,89,89,89,89,89,89,89
          ,9,90,90,90,90,90,90,90,90,90,90,90,91,91,91,91,91,91,91
          ,91,91,91,91,91,92,92,92,92,92,92,92,92,92,92,93,93,93,93
          ,93,93,93,93,94,94,94,94,97,97,97,97,97,98,98,98,98,98,98
          ,98,98,98,98,98,99,99,99,99,99,99,99,99,99,99,99,99)

SKrealAges <- c(0,1,1,10,100,100,100,100,100,100,100,100,100,100,100,100,101,101,101,
      101,101,101,101,101,101,101,101,101,101,102,102,102,102,102,102,102,102,102,
      102,102,102,102,103,103,103,103,103,103,103,103,103,103,103,104,104,104,104,
      104,107,108,108,108,108,108,108,108,108,108,109,109,109,109,109,109,109,109,
      109,11,11,11,110,110,110,110,110,110,110,110,110,110,110,110,111,111,111,
      111,111,111,111,111,111,111,111,112,112,112,112,112,112,112,112,112,112,113,
      113,113,113,113,113,113,113,114,116,117,118,118,119,119,119,119,119,119,119,
      119,119,12,12,12,12,12,120,120,120,120,120,120,120,120,120,120,120,121,
      121,121,121,121,121,121,121,121,121,122,122,122,122,122,122,122,122,122,123,
      123,123,123,126,127,127,127,127,128,128,128,128,128,128,128,128,128,128,129,
      129,129,129,129,129,129,129,129,13,13,13,130,130,130,130,130,130,130,130,
      130,130,131,131,131,131,131,131,131,131,131,132,132,132,132,132,135,135,136,
      136,137,137,137,137,137,137,137,138,138,138,138,138,139,139,139,139,14,14,
      14,14,140,142,143,143,144,144,144,144,144,145,145,145,145,146,146,146,146,
      146,147,15,18,18,18,18,19,19,19,19,19,19,2,2,2,20,20,20,
      20,20,20,20,21,21,21,21,21,21,21,21,22,22,22,23,23,28,28,
      28,28,29,29,29,29,29,29,3,3,3,30,30,30,30,30,30,30,30,
      31,31,31,31,31,31,31,31,32,32,32,32,32,32,32,33,33,33,33,
      34,38,38,38,38,38,38,39,39,39,39,39,39,39,39,4,4,40,40,
      40,40,40,40,40,40,40,41,41,41,41,41,41,41,41,41,41,42,42,
      42,42,42,42,42,42,43,43,43,43,43,43,44,44,44,47,48,48,48,
      48,48,48,48,48,48,49,49,49,49,49,49,49,49,49,49,5,5,50,
      50,50,50,50,50,50,50,50,50,51,51,51,51,51,51,51,51,51,51,
      52,52,52,52,52,52,52,52,52,52,53,53,53,53,53,53,53,53,54,
      54,54,57,57,58,58,58,58,58,58,58,59,59,59,59,59,59,59,59,
      59,59,6,6,60,60,60,60,60,60,60,60,60,60,61,61,61,61,61,
      61,61,61,61,61,61,61,61,62,62,62,62,62,62,62,62,62,62,62,
      63,63,63,63,63,63,63,64,67,68,68,68,68,68,68,69,69,69,69,
      69,69,69,69,69,70,70,70,70,70,70,70,70,70,70,70,71,71,71,
      71,71,71,71,71,71,71,72,72,72,72,72,72,72,72,72,73,73,73,
      73,73,74,77,78,78,78,78,78,78,78,78,79,79,79,79,79,79,79,
      79,79,79,79,80,80,80,80,80,80,80,80,80,80,80,80,81,81,81,
      81,81,81,81,81,81,81,81,81,81,82,82,82,82,82,82,82,82,82,
      82,82,82,83,83,83,83,83,83,83,83,83,83,84,84,87,87,87,88,
      88,88,88,88,88,88,88,88,89,89,89,89,89,89,89,89,89,89,89,
      9,90,90,90,90,90,90,90,90,90,90,90,91,91,91,91,91,91,91,
      91,91,91,91,91,92,92,92,92,92,92,92,92,92,92,93,93,93,93,
      93,93,93,93,94,94,94,94,97,97,97,97,97,98,98,98,98,98,98,
      98,98,98,98,98,99,99,99,99,99,99,99,99,99,99,99,99
    )


